13 20 31 36 55 
15 21 28 34 37 
46 56 58 71 81 
50 40 39 38 47 
61 60 51 49 48 
75 74 73 78 89 
83 97 121 174 204 
85 107 121 173 204 
85 107 121 173 210 
85 107 121 172 210 
85 107 121 172 202 
94 112 142 168 177 
136 153 170 212 220 
142 112 94 67 57 
144 149 169 198 219 
144 149 169 198 224 
165 157 147 132 125 
167 158 139 111 102 
171 192 207 227 233 
171 192 207 227 229 
172 195 216 229 239 
172 195 216 233 239 
173 195 208 222 226 
174 203 217 229 239 
174 203 217 227 226 
181 182 183 184 194 
184 172 156 124 109 
184 172 156 124 110 
187 176 159 140 134 
191 206 214 232 240 
195 172 156 124 109 
195 172 156 124 110 
195 173 156 124 109 
195 173 156 124 110 
196 174 156 122 98 
202 172 156 124 109 
202 172 156 124 110 
205 213 226 239 247 
208 216 217 218 211 
215 221 231 257 258 
277 276 275 274 273 
