12 11 15 20 30 
29 39 43 51 56 
35 34 33 25 24 
40 42 45 47 53 
41 38 28 22 21 
44 46 52 68 73 
49 48 50 55 65 
62 61 60 59 66 
67 72 87 104 111 
70 74 84 88 91 
131 140 158 184 203 
144 168 194 216 226 
148 165 173 211 218 
149 166 173 211 218 
150 166 173 211 218 
160 159 167 175 184 
162 164 165 175 177 
167 168 159 160 161 
174 193 204 212 213 
176 186 187 196 197 
191 173 175 168 160 
192 184 175 167 159 
194 185 174 158 148 
195 186 175 165 164 
196 188 186 184 172 
196 188 186 184 192 
196 188 186 184 183 
196 187 185 192 215 
196 187 185 166 148 
196 187 185 166 157 
196 187 185 165 157 
196 187 176 166 164 
196 187 176 166 157 
196 187 176 158 157 
196 187 176 165 157 
205 206 199 181 169 
212 194 176 158 157 
215 192 184 177 167 
215 192 184 186 188 
