13 18 26 50 57 
14 23 19 27 32 
31 44 54 66 75 
41 35 34 45 48 
53 47 38 21 16 
65 63 60 59 58 
70 83 99 145 163 
82 99 107 133 143 
89 113 133 170 182 
90 104 123 152 164 
90 113 133 170 182 
91 108 107 125 145 
101 118 139 168 180 
105 123 133 163 170 
108 99 91 82 83 
146 137 114 100 85 
150 143 132 113 104 
164 152 133 104 90 
165 163 150 121 111 
169 163 145 99 83 
169 163 145 109 92 
174 163 145 99 83 
174 163 145 109 92 
175 163 144 122 104 
182 175 164 145 135 
182 164 145 99 83 
197 198 206 207 208 
201 202 218 224 225 
203 204 205 192 193 
226 213 221 199 194 
