5 4 3 6 8 
18 14 13 12 11 
22 36 51 78 96 
22 36 51 77 95 
22 36 51 79 97 
22 36 51 79 98 
22 36 51 84 103 
22 36 51 84 102 
22 36 51 87 110 
27 26 25 34 33 
28 24 23 20 22 
37 36 32 35 40 
38 54 66 100 125 
39 40 35 32 36 
40 39 42 55 67 
45 53 52 57 62 
59 58 51 50 49 
68 58 51 50 49 
75 94 117 141 156 
80 91 119 145 148 
107 126 136 155 162 
111 97 79 51 36 
113 131 146 160 167 
113 131 146 161 167 
113 131 146 161 168 
117 110 109 108 101 
117 94 75 49 35 
122 110 87 51 36 
123 94 75 49 35 
174 169 170 156 153 
176 180 184 190 194 
183 189 193 198 201 
