13 18 22 39 44 
21 17 20 29 35 
27 25 24 31 40 
52 57 78 98 96 
55 49 48 42 37 
58 63 85 123 137 
58 63 85 123 138 
63 85 105 137 146 
68 78 90 113 122 
70 90 119 169 195 
72 90 101 152 175 
79 77 99 118 131 
82 90 101 152 175 
84 83 81 68 67 
85 83 81 68 67 
99 98 97 96 110 
106 93 72 68 67 
106 93 82 68 67 
108 125 140 181 192 
114 93 72 68 67 
114 93 82 68 67 
116 139 172 205 227 
118 127 131 150 174 
128 119 102 78 69 
129 113 104 72 57 
129 113 104 82 62 
129 113 104 82 57 
134 113 104 72 57 
134 113 104 82 62 
134 113 104 82 57 
137 122 113 90 78 
138 122 113 90 78 
140 125 108 73 60 
141 152 164 184 194 
141 164 183 208 213 
146 137 123 94 84 
158 143 133 111 99 
170 142 128 101 88 
183 164 141 101 78 
184 164 141 101 78 
188 177 169 142 133 
188 178 157 158 146 
188 169 142 119 102 
192 181 160 125 108 
195 169 133 90 70 
196 190 157 144 135 
235 236 237 238 223 
249 240 214 173 149 
263 270 271 276 264 
268 274 285 292 293 
